# Created by Octave 3.8.1, Sun Apr 19 20:04:36 2015 CDT <tony@tony-M51AC>
# name: points1
# type: matrix
# rows: 2
# columns: 12
 90.16377295896746 206.3963834707542 156.9975240032448 119.2219255869141 239.3289564490938 214.14522417154 246.1091920622813 323.5975990701392 338.1266753841126 369.1220381872556 278.0731599530227 355.5615669608804
 178.0639945273812 117.0418740086932 160.6291029506132 204.2163318925333 137.3825808482559 191.6244657537563 286.5477643383822 227.4628539948906 167.4093385638008 244.8977455716586 82.17209085515719 131.5709503226665


