# Created by Octave 3.8.1, Sun Apr 19 22:35:46 2015 CDT <tony@tony-M51AC>
# name: p14
# type: matrix
# rows: 2
# columns: 11
 521.4079461939873 527.037963265652 590.8448234111848 594.598168125628 605.8582022689574 622.7482534839513 735.3485949172448 515.7779291223227 739.1019396316879 737.2252672744662 729.7185778455801
 377.8778588984539 492.3548726889689 359.1111353262384 473.5881491167533 522.3816304045138 340.3444117540228 323.4543605390289 193.9639678907415 163.9372101751965 376.0011865412324 531.7649921906216


