# Created by Octave 3.8.1, Sun Apr 19 23:11:43 2015 CDT <tony@tony-M51AC>
# name: p21
# type: matrix
# rows: 2
# columns: 12
 3.53899846233935 55.60152192074383 10.803536619326 56.81227828024157 31.3863947307882 90.71345634617933 21.70034385480596 159.7265688375526 174.2556451515261 254.1655648783794 246.9010267213926 249.3225394403883
 137.2034736599954 122.674397346022 189.2659971183998 209.8488552298621 238.9070078578087 230.4317133413243 490.7443306333466 335.767516617631 366.0364256050754 462.8969343648976 428.9957562989599 361.1934001670843


