# Created by Octave 3.8.1, Sun Apr 19 23:11:09 2015 CDT <tony@tony-M51AC>
# name: p34
# type: matrix
# rows: 2
# columns: 13
 245.7629157434649 278.4533374499049 276.0318247309094 289.350144685385 323.2513227513227 318.4082973133316 414.058049713656 449.1699841390916 300.2469519208649 328.0943481893138 347.4664499412783 484.2819185645271 489.1249440025183
 306.7093639896842 295.8125567542042 328.5029784606442 86.35170656108858 85.14095020159081 50.02901577615523 40.342964900173 43.97523397866635 294.6018003947064 305.4986076301864 311.5523894276753 19.76010678871077 287.3372622377198


