# Created by Octave 3.8.1, Sun Apr 19 23:11:29 2015 CDT <tony@tony-M51AC>
# name: p41
# type: matrix
# rows: 2
# columns: 11
 40.77849817781157 68.27235358928715 142.8985325632923 156.6454602690301 178.2477752351895 180.2116220502949 296.0785841415131 15.24848958144162 284.2955032508808 298.0424309566185 305.8978182170401
 445.8400651386922 589.2008826413862 406.5631288365844 540.1047122637513 587.2370358262808 381.0331202402142 345.683877568317 202.3230600656232 176.793051469253 394.780047945952 551.8877931543836


