# Created by Octave 3.8.1, Sun Apr 19 23:11:34 2015 CDT <tony@tony-M51AC>
# name: p43
# type: matrix
# rows: 2
# columns: 13
 7.171267540832673 43.49395832576602 35.01866380928152 21.70034385480608 67.70908551572165 54.3907655612461 156.0942997590594 186.3632087465039 42.28320196626828 73.76286731321045 97.97799450316597 214.2106050149528 227.5289249694283
 361.1934001670843 345.4535674936132 384.197770997542 110.5668337510443 110.5668337510443 76.66565568510649 75.45489932560869 85.14095020159093 338.1890293366265 345.4535674936132 352.7181056505999 60.92582301163537 316.3954148656665


