# Created by Octave 3.8.1, Sun Apr 19 23:14:12 2015 CDT <tony@tony-M51AC>
# name: pBox
# type: matrix
# rows: 2
# columns: 14
 181.5201833085127 217.842874093446 250.533295799886 279.5914484278326 315.914139212766 314.7033828532683 314.7033828532683 315.914139212766 288.0667429443172 255.3763212378772 225.1074122504326 182.7309396680105 185.152452387006 181.5201833085127
 369.6686946835687 362.4041565265821 352.7181056505999 346.6643238531109 338.1890293366265 364.8256692455777 397.5160909520176 432.6280253774532 442.3140762534354 452.0001271294176 462.8969343648976 476.2152543193732 442.3140762534354 408.4128981874977


