# Created by Octave 3.8.1, Sun Apr 19 23:14:12 2015 CDT <tony@tony-M51AC>
# name: pImage
# type: matrix
# rows: 2
# columns: 14
 4.926525250323863 100.8184289225479 189.9300969815844 282.9161853910138 395.2743755524076 393.3371653772111 394.3057704648094 394.3057704648094 297.4452617049872 197.6789376823702 98.88121874735145 5.895130337922069 6.863735425520275 7.83234051311851
 3.715078759701129 2.746473672102923 0.8092634969064818 2.746473672102923 5.65228893489757 90.88953664354119 185.812835228167 297.2024203019627 295.2652101267662 293.3279999515698 298.1710253895609 297.2024203019627 216.8081980313102 97.66977225672878


